9,398,461
9,398,436
9,398,430
9,398,422
9,398,421
9,398,409
9,398,402
9,398,395
9,398,338
9,398,328
9,398,262
9,398,175
9,398,169
9,398,157
9,398,133
9,398,106
9,398,104
9,398,102
9,398,086
9,398,017
9,397,983
9,397,974
9,397,969
9,397,901
9,397,890
9,396,763
9,396,668
9,396,618
9,396,503
9,396,502
9,396,500
9,396,498
9,396,491
9,396,476
9,396,472
9,396,458
9,396,448
9,396,385
9,396,369
9,396,325
9,396,319
9,396,288
9,396,275
9,396,272
9,396,266
9,396,254
9,396,197
9,396,196
9,396,192
9,396,007
9,395,951
9,395,950
9,395,883
9,395,267
9,395,153
9,393,460
9,392,941
9,392,851
D761,100
9,392,720
9,392,462
9,392,414
9,392,404
9,392,342
9,392,174
9,392,116
9,392,115
9,392,112
9,392,103
9,392,077
9,392,076
9,392,057
9,392,049
9,392,014
9,392,001
9,391,994
9,391,975
9,391,971
9,391,944
9,391,942
9,391,934
9,391,933
9,391,864
9,391,793
9,391,787
9,391,711
9,390,757
9,390,727
9,390,625
9,390,472
9,390,457
9,390,455
9,390,448
9,390,446
9,390,428
9,390,410
9,390,358
9,390,357
9,390,302
9,390,197
9,390,184
9,390,174
9,390,155
9,390,147
9,390,145
9,390,144
9,390,140
9,390,123
9,390,105
9,390,081
9,389,773
9,389,491
9,389,117
9,389,086
9,389,083
9,389,057
9,387,403
9,387,401
9,387,400
9,387,392
9,387,391
D760,760
9,386,432
9,386,407
9,386,355
9,386,354
9,386,268
9,386,165
9,386,152
9,386,144
9,386,143
9,386,120
9,386,111
9,386,108
9,386,107
9,386,098
9,386,080
9,386,071
9,386,052
9,385,987
9,385,986
9,385,981
9,385,812
9,384,512
9,384,491
9,384,485
9,384,473
9,384,462
9,384,383
9,384,357
9,384,299
9,384,243
9,384,211
9,384,197
9,384,194
9,384,026
9,383,979
9,383,216
9,381,983
9,381,425
9,381,423
D760,256
9,380,679
9,380,410
9,380,356
9,380,349
9,380,342
9,380,328
9,380,264
9,380,153
9,380,128
9,380,120
9,380,106
9,380,087
9,380,073
9,380,065
9,380,059
9,380,040
9,380,016
9,380,012
9,379,759
9,378,768
9,378,620
9,378,588
9,378,537
9,378,529
9,378,516
9,378,470
9,378,465
9,378,393
9,378,365
9,378,336
9,378,251
9,378,250
9,378,240
9,378,065
9,377,958
9,377,940
9,377,939
9,377,933
9,377,876
9,377,867
9,375,643
9,375,625
9,375,608
D759,690
D759,689
D759,665
9,374,826
9,374,729
9,374,690
9,374,619
9,374,608
9,374,569
9,374,464
9,374,460
9,374,448
9,374,436
9,374,431
9,374,429
9,374,428
9,374,422
9,374,399
9,374,394
9,374,374
9,374,369
9,374,359
9,374,356
9,374,347
9,374,333
9,374,309
9,374,217
9,374,173
9,373,223
9,373,213
9,373,149
9,373,147
9,373,146
9,373,145
9,373,140
9,373,138
9,373,132
9,373,124
9,373,111
9,373,079
9,373,001
9,372,965
9,372,941
9,372,934
9,372,929
9,372,920
9,372,915
9,372,901
9,372,898
9,372,864
9,372,835
9,372,827
9,372,785
9,372,589
9,372,347
9,372,103
9,370,213
D758,703
9,370,038
9,369,983
9,369,891
9,369,874
9,369,850
9,369,842
9,369,839
9,369,781
9,369,768
9,369,767
9,369,758
9,369,663
9,369,539
9,369,533
9,369,502
9,369,476
9,369,471
9,369,449
9,369,435
9,369,433
9,369,419
9,369,411
9,369,393
9,368,113
9,367,994
9,367,993
9,367,973
9,367,959
9,367,886
9,367,880
9,367,878
9,367,876
9,367,870
9,367,864
9,367,860
9,367,853
9,367,823
9,367,811
9,367,770
9,367,638
9,367,629
9,367,628
9,367,625
9,367,624
9,367,609
9,367,607
9,367,603
9,367,568
9,367,548
9,367,536
9,367,410
9,367,275
9,367,267
9,367,206
9,366,868
9,366,867
9,366,862
9,366,818
9,366,542
9,364,744
9,364,151
D758,474
9,363,655
9,363,559
9,363,546
9,363,539
9,363,448
9,363,431
9,363,375
9,363,372
9,363,367
9,363,360
9,363,356
9,363,338
9,363,288
9,363,283
9,363,237
9,363,223
9,363,220
9,363,213
9,363,212
9,363,190
9,363,147
9,363,097
9,363,052
9,363,010
9,361,898
9,361,772
9,361,659
9,361,654
9,361,638
9,361,635
9,361,631
9,361,627
9,361,606
9,361,542
9,361,522
9,361,481
9,361,479
9,361,403
9,361,392
9,361,388
9,361,378
9,361,363
9,361,359
9,361,344
9,361,327
9,361,281
9,361,278
9,361,132
9,360,996
9,360,993
9,360,988
9,360,983
9,360,942
9,359,074
9,358,499
9,358,451
9,358,361
9,357,941
9,357,366
9,357,364
9,357,261
9,357,242
9,357,241
9,357,178
9,357,174
9,357,072
9,357,055
9,357,053
9,357,052
9,357,048
9,357,026
9,357,024
9,357,023
9,357,005
9,356,995
9,356,988
9,356,955
9,356,920
9,356,907
9,356,905
9,356,902
9,356,901
9,356,899
9,356,894
9,356,891
9,356,890
9,356,876
9,356,819
9,356,787
9,355,525
9,355,414
9,355,412
9,355,410
9,355,404
9,355,403
9,355,384
9,355,361
9,355,358
9,355,312
9,355,300
9,355,245
9,355,223
9,355,184
9,355,157
9,355,138
9,355,106
9,355,091
9,355,088
9,355,080
9,355,023
9,354,971
9,354,849
9,354,831
9,354,788
9,354,782
9,354,778
9,354,727
9,352,225
9,352,217
9,352,213
9,351,517
D757,153
9,351,254
9,351,193
9,351,133
9,351,116
9,351,050
9,351,047
9,350,944
9,350,867
9,350,847
9,350,828
9,350,824
9,350,820
9,350,787
9,350,743
9,350,742
9,350,718
9,350,638
9,350,599
9,350,598
9,350,593
9,349,241
9,349,132
9,349,108
9,349,103
9,349,099
9,349,077
9,349,052
9,349,049
9,349,041
9,349,020
9,348,985
9,348,980
9,348,924
9,348,916
9,348,909
9,348,886
9,348,814
9,348,809
9,348,790
9,348,705
9,348,666
9,348,636
9,348,634
9,348,579
9,348,555
9,348,539
9,348,516
9,348,509
9,348,412
9,348,364
9,347,789
9,347,783
9,345,974
9,345,965
9,345,930
D756,263
9,344,993
9,344,887
9,344,876
9,344,849
9,344,842
9,344,606
9,344,569
9,344,563
9,344,522
9,344,520
9,344,519
9,344,512
9,344,462
9,344,441
9,344,426
9,344,423
9,344,396
9,344,395
9,344,343
9,344,339
9,344,338
9,344,288
9,344,283
9,344,151
9,343,066
9,342,990
9,342,973
9,342,947
9,342,927
9,342,855
9,342,852
9,342,851
9,342,844
9,342,836
9,342,835
9,342,833
9,342,831
9,342,815
9,342,806
9,342,802
9,342,783
9,342,762
9,342,623
9,342,612
9,342,607
9,342,605
9,342,580
9,342,554
9,342,552
9,342,546
9,342,508
9,342,464
9,342,396
9,342,353
9,342,321
9,342,283
9,342,268
9,342,229
9,342,227
9,342,113
9,342,082
9,341,843
9,341,483
9,339,727
9,338,748
9,338,725
9,338,627
9,338,622
9,338,605
9,338,597
9,338,590
9,338,589
9,338,493
9,338,394
9,338,299
9,338,286
9,338,250
9,338,243
9,338,241
9,338,235
9,338,222
9,338,197
9,338,186
9,338,171
9,338,158
9,338,134
9,338,125
9,338,124
9,338,123
9,338,121
9,338,106
9,338,047
9,338,027
9,338,025
9,336,760
9,336,687
9,336,553
9,336,550
9,336,540
9,336,533
9,336,526
9,336,512
9,336,435
9,336,403
9,336,374
9,336,360
9,336,325
9,336,312
9,336,300
9,336,282
9,336,281
9,336,263
9,336,202
9,336,155
9,336,021
9,335,983
9,335,895
9,335,824
9,335,182
9,333,430
9,333,421
9,332,322
9,332,319
9,332,315
9,332,313
9,332,206
9,332,137
9,332,077
9,332,070
9,332,065
9,332,042
9,332,035
9,331,970
9,331,967
9,331,964
9,330,721
9,330,720
9,330,659
9,330,427
9,330,422
9,330,421
9,330,419
9,330,418
9,330,417
9,330,366
9,330,329
9,330,305
9,330,301
9,330,258
9,330,199
9,330,196
9,330,192
9,330,183
9,330,174
9,330,164
9,330,104
9,330,083
9,330,082
9,330,068
9,330,012
9,330,000
9,329,961
9,329,849
9,329,807
9,329,762
9,329,689
9,329,677
9,329,387
9,329,337
9,329,212
9,327,876
9,327,196
D754,923
D754,862
9,326,189
9,326,185
9,326,112
9,326,099
9,326,097
9,326,043
9,325,844
9,325,823
9,325,820
9,325,800
9,325,778
9,325,751
9,325,731
9,325,715
9,325,702
9,325,674
9,325,662
9,325,661
9,325,660
9,325,657
9,325,653
9,325,600
9,325,578
9,325,499
9,325,483
9,325,422
9,325,419
9,325,364
9,325,319
9,324,367
9,324,292
9,324,201
9,324,195
9,324,113
9,324,107
9,324,093
9,324,079
9,324,078
9,324,064
9,324,056
9,324,043
9,324,014
9,323,868
9,323,855
9,323,836
9,323,826
9,323,811
9,323,810
9,323,783
9,323,775
9,323,755
9,323,695
9,323,416
9,323,128
9,322,169
9,321,969
9,320,969
9,320,968
9,320,967
9,320,957
9,320,297
9,320,295
9,319,968
9,319,913
9,319,746
9,319,745
9,319,732
9,319,727
9,319,640
9,319,473
9,319,472
9,319,470
9,319,461
9,319,450
9,319,445
9,319,419
9,319,417
9,319,400
9,319,373
9,319,372
9,319,370
9,319,356
9,319,292
9,319,153
9,318,108
9,317,991
9,317,974
9,317,972
9,317,963
9,317,883
9,317,869
9,317,839
9,317,825
9,317,812
9,317,807
9,317,751
9,317,623
9,317,614
9,317,613
9,317,612
9,317,610
9,317,609
9,317,600
9,317,594
9,317,565
9,317,530
9,317,527
9,317,265
9,317,179
9,317,177
9,316,501
9,314,699
9,314,692
9,314,686
9,314,665
9,314,206
9,313,929
9,313,634
9,313,633
9,313,631
9,313,609
9,313,561
9,313,556
9,313,549
9,313,547
9,313,544
9,313,440
9,313,331
9,313,318
9,313,294
9,313,287
9,313,285
9,313,283
9,313,240
9,313,210
9,313,187
9,313,173
9,313,082
9,313,046
9,311,918
9,311,750
9,311,741
9,311,683
9,311,682
9,311,681
9,311,679
9,311,678
9,311,672
9,311,669
9,311,666
9,311,657
9,311,647
9,311,620
9,311,619
9,311,531
9,311,466
9,311,462
9,311,427
9,311,411
9,311,393
9,311,363
9,311,348
9,311,347
9,311,342
9,311,297
9,311,283
9,311,160
9,311,109
9,310,955
9,310,881
9,310,611
9,310,610
9,310,205
9,307,917
D753,140
9,307,493
9,307,380
9,307,354
9,307,353
9,307,288
9,307,277
9,307,185
9,307,149
9,307,083
9,307,051
9,307,048
9,307,047
9,307,034
9,307,031
9,306,998
9,306,989
9,306,950
9,306,933
9,306,928
9,306,927
9,306,898
9,306,896
9,306,888
9,306,882
9,306,689
9,305,601
9,305,453
9,305,425
9,305,385
9,305,328
9,305,322
9,305,321
9,305,320
9,305,319
9,305,317
9,305,286
9,305,284
9,305,215
9,305,213
9,305,163
9,305,140
9,305,086
9,305,072
9,305,028
9,305,026
9,305,024
9,305,021
9,305,020
9,305,003
9,304,989
9,304,984
9,304,809
9,304,735
9,304,668
9,304,660
9,304,614
9,302,187
9,302,177
9,301,272
9,301,022
9,301,016
9,300,835
9,300,817
9,300,785
9,300,744
9,300,741
9,300,722
9,300,719
9,300,707
9,300,704
9,300,701
9,300,679
9,300,676
9,300,653
9,300,620
9,300,482
9,299,322
9,299,230
9,299,194
9,299,110
9,299,090
9,299,083
9,299,027
9,298,970
9,298,943
9,298,935
9,298,900
9,298,890
9,298,836
9,298,835
9,298,827
9,298,810
9,298,788
9,298,783
9,298,744
9,298,711
9,298,690
9,298,678
9,298,433
9,298,416
9,298,343
9,298,295
9,298,292
9,298,283
9,298,007
9,297,721
9,295,919
9,295,917
9,295,914
9,295,422
9,295,285
9,295,098
9,295,022
9,294,991
9,294,982
9,294,914
9,294,869
9,294,865
9,294,803
9,294,800
9,294,787
9,294,708
9,294,635
9,294,623
9,294,581
9,294,576
9,294,546
9,294,541
9,294,540
9,294,532
9,294,527
9,294,497
9,294,465
9,294,431
9,294,380
9,294,293
9,292,895
9,292,886
9,292,885
9,292,884
9,292,883
9,292,882
9,292,879
9,292,878
9,292,871
9,292,861
9,292,840
9,292,830
9,292,694
9,292,616
9,292,607
9,292,603
9,292,594
9,292,563
9,292,545
9,292,518
9,292,493
9,292,446
9,292,323
9,292,262
9,292,254
9,292,189
9,292,174
9,292,172
9,292,168
9,292,166
9,292,164
9,292,163
9,292,158
9,292,149
9,292,114
9,292,103
9,292,094
9,291,713
9,291,359
9,289,686
9,289,684
9,289,649
9,289,622
D751,604
9,288,872
9,288,744
9,288,650
9,288,616
9,288,610
9,288,554
9,288,542
9,288,275
9,288,217
9,286,943
9,286,901
9,286,879
9,286,752
9,286,728
9,286,721
9,286,642
9,286,641
9,286,578
9,286,575
9,286,510
9,286,453
9,286,414
9,286,384
9,286,380
9,286,378
9,286,340
9,286,273
9,286,266
9,286,240
9,286,040
9,285,977
9,285,973
9,285,943
9,285,589
9,283,484
9,283,467
9,282,927
9,282,902
9,282,893
9,282,562
9,282,430
9,282,367
9,282,366
9,282,358
9,282,357
9,282,350
9,282,309
9,282,202
9,282,201
9,282,200
9,282,177
9,282,168
9,282,145
9,282,138
9,282,090
9,282,066
9,281,961
9,281,793
9,280,889
9,280,875
9,280,872
9,280,852
9,280,851
9,280,850
9,280,849
9,280,795
9,280,794
9,280,789
9,280,780
9,280,723
9,280,613
9,280,597
9,280,586
9,280,545
9,280,534
9,280,523
9,280,512
9,280,511
9,280,377
9,280,372
9,280,252
9,279,649
9,278,303
9,278,282
9,277,502
9,277,480
9,277,445
9,277,443
9,277,433
9,277,432
9,277,390
9,277,374
9,277,366
9,277,310
9,277,292
9,277,163
9,277,157
9,277,050
9,277,026
9,277,020
9,277,006
9,276,992
9,276,974
9,276,973
9,276,960
9,276,915
9,276,894
9,276,892
9,276,668
9,275,647
9,275,617
9,275,513
9,275,499
9,275,420
9,275,419
9,275,407
9,275,395
9,275,394
9,275,291
9,275,272
9,275,269
9,275,257
9,275,199
9,275,163
9,275,161
9,275,156
9,275,150
9,275,149
9,275,138
9,275,132
9,275,127
9,275,125
9,275,119
9,275,101
9,275,077
9,274,841
9,274,766
9,274,763
9,274,754
9,274,696
9,274,608
9,272,219
9,272,217
9,272,214
9,272,212
9,272,208
9,271,454
D750,111
9,271,325
9,271,238
9,271,237
9,271,230
9,271,184
9,271,133
9,271,129
9,271,128
9,270,927
9,270,926
9,270,877
9,270,847
9,270,841
9,270,820
9,270,818
9,270,780
9,270,767
9,270,765
9,270,716
9,270,714
9,270,679
9,270,674
9,270,633
9,270,632
9,270,627
9,270,559
9,269,277
9,269,273
9,269,249
9,269,220
9,269,125
